KANAL 1 : QRS sensitivity results

100
99.93
99.95
100
99.95
99.03
98.53
99.89
98.65
99.90
99.94
100
100
99.88
100
98.91
100
99.95
100
99.87
100
99.76
100
99.49
96.71
97.92
91.25
99.14
99.18
98.69
97.42
98.32
100
99.70
99.68
99.18
99.67
100
99.76
99.5
97.35
99.45
99.59
100
100
100
96.45
99.69
______________

Average: 99.21416666666666

#### ---------------------------------- ###

KANAL 1 : QRS positive predictivity results
91.62
92.35
93.96
91.87
91.43
85.19
93.04
79.20
71.92
82.95
83.18
89.49
90.56
90.66
89.85
91.18
88.07
89.91
88.30
82.26
86.74
90.75
84.43
87.68
88.83
90.56
86.48
91.41
81.31
92.39
91.98
88.67
92.10
90.67
90.09
94.48
81.55
89.59
90.42
90.17
94.32
90.15
85.14
88.95
92.21
91.61
89.43
90.63
______________

Average: 88.74375000000002
